user_id,churned,churn_date,created_at
1,True,2025-04-08,2025-06-05 14:41:33.531695
2,False,,2025-06-05 14:41:33.531697
3,True,2025-05-16,2025-06-05 14:41:33.531707
4,True,2025-05-19,2025-06-05 14:41:33.531717
5,True,2025-02-19,2025-06-05 14:41:33.531727
6,False,,2025-06-05 14:41:33.531728
7,False,,2025-06-05 14:41:33.531729
8,False,,2025-06-05 14:41:33.531730
9,True,2025-03-28,2025-06-05 14:41:33.531740
10,False,,2025-06-05 14:41:33.531741
11,False,,2025-06-05 14:41:33.531742
12,False,,2025-06-05 14:41:33.531743
13,True,2025-04-03,2025-06-05 14:41:33.531753
14,True,2025-05-10,2025-06-05 14:41:33.531762
15,False,,2025-06-05 14:41:33.531763
16,False,,2025-06-05 14:41:33.531764
17,False,,2025-06-05 14:41:33.531764
18,True,2025-06-04,2025-06-05 14:41:33.531774
19,False,,2025-06-05 14:41:33.531775
20,True,2025-04-20,2025-06-05 14:41:33.531784
21,False,,2025-06-05 14:41:33.531784
22,False,,2025-06-05 14:41:33.531785
23,True,2025-01-15,2025-06-05 14:41:33.531794
24,True,2025-04-19,2025-06-05 14:41:33.531804
25,False,,2025-06-05 14:41:33.531804
26,False,,2025-06-05 14:41:33.531805
27,True,2024-09-28,2025-06-05 14:41:33.531815
28,False,,2025-06-05 14:41:33.531815
29,True,2025-05-21,2025-06-05 14:41:33.531825
30,True,2024-11-12,2025-06-05 14:41:33.531834
31,True,2025-05-10,2025-06-05 14:41:33.531843
32,False,,2025-06-05 14:41:33.531844
33,False,,2025-06-05 14:41:33.531845
34,True,2025-04-25,2025-06-05 14:41:33.531854
35,False,,2025-06-05 14:41:33.531855
36,True,2025-04-27,2025-06-05 14:41:33.531864
37,True,2025-02-17,2025-06-05 14:41:33.531874
38,False,,2025-06-05 14:41:33.531875
39,False,,2025-06-05 14:41:33.531876
40,False,,2025-06-05 14:41:33.531876
41,True,2025-03-25,2025-06-05 14:41:33.531886
42,False,,2025-06-05 14:41:33.531887
43,True,2025-05-14,2025-06-05 14:41:33.531896
44,False,,2025-06-05 14:41:33.531897
45,True,2025-02-28,2025-06-05 14:41:33.531906
46,True,2025-05-04,2025-06-05 14:41:33.531915
47,False,,2025-06-05 14:41:33.531916
48,False,,2025-06-05 14:41:33.531916
49,False,,2025-06-05 14:41:33.531917
50,True,2025-05-07,2025-06-05 14:41:33.531926
51,False,,2025-06-05 14:41:33.531927
52,True,2025-06-01,2025-06-05 14:41:33.531936
53,True,2025-01-24,2025-06-05 14:41:33.531946
54,True,2024-12-14,2025-06-05 14:41:33.531955
55,False,,2025-06-05 14:41:33.531956
56,False,,2025-06-05 14:41:33.531957
57,True,2025-02-18,2025-06-05 14:41:33.531966
58,False,,2025-06-05 14:41:33.531967
59,False,,2025-06-05 14:41:33.531968
60,False,,2025-06-05 14:41:33.531968
61,False,,2025-06-05 14:41:33.531969
62,True,2025-02-18,2025-06-05 14:41:33.531978
63,False,,2025-06-05 14:41:33.531979
64,True,2024-10-03,2025-06-05 14:41:33.531988
65,True,2024-12-04,2025-06-05 14:41:33.531997
66,True,2024-10-03,2025-06-05 14:41:33.532006
67,True,2025-05-22,2025-06-05 14:41:33.532015
68,True,2025-03-13,2025-06-05 14:41:33.532024
69,False,,2025-06-05 14:41:33.532025
70,True,2025-01-15,2025-06-05 14:41:33.532034
71,True,2024-11-29,2025-06-05 14:41:33.532043
72,False,,2025-06-05 14:41:33.532044
73,True,2025-06-01,2025-06-05 14:41:33.532052
74,False,,2025-06-05 14:41:33.532053
75,False,,2025-06-05 14:41:33.532054
76,True,2024-08-20,2025-06-05 14:41:33.532063
77,False,,2025-06-05 14:41:33.532064
78,True,2025-05-01,2025-06-05 14:41:33.532073
79,True,2024-08-14,2025-06-05 14:41:33.532082
80,False,,2025-06-05 14:41:33.532083
81,False,,2025-06-05 14:41:33.532084
82,False,,2025-06-05 14:41:33.532084
83,False,,2025-06-05 14:41:33.532085
84,True,2024-10-12,2025-06-05 14:41:33.532094
85,True,2025-01-21,2025-06-05 14:41:33.532103
86,False,,2025-06-05 14:41:33.532104
87,True,2024-12-28,2025-06-05 14:41:33.532113
88,True,2025-05-31,2025-06-05 14:41:33.532122
89,False,,2025-06-05 14:41:33.532122
90,True,2025-02-06,2025-06-05 14:41:33.532131
91,False,,2025-06-05 14:41:33.532132
92,False,,2025-06-05 14:41:33.532133
93,False,,2025-06-05 14:41:33.532134
94,False,,2025-06-05 14:41:33.532135
95,True,2025-03-03,2025-06-05 14:41:33.532144
96,True,2025-01-06,2025-06-05 14:41:33.532153
97,True,2025-01-12,2025-06-05 14:41:33.532162
98,False,,2025-06-05 14:41:33.532163
99,False,,2025-06-05 14:41:33.532164
100,False,,2025-06-05 14:41:33.532165
101,False,,2025-06-05 14:41:33.532166
102,False,,2025-06-05 14:41:33.532167
103,True,2025-01-07,2025-06-05 14:41:33.532175
104,True,2025-05-27,2025-06-05 14:41:33.532184
105,False,,2025-06-05 14:41:33.532185
106,False,,2025-06-05 14:41:33.532186
107,True,2025-04-02,2025-06-05 14:41:33.532195
108,False,,2025-06-05 14:41:33.532196
109,True,2024-12-02,2025-06-05 14:41:33.532204
110,False,,2025-06-05 14:41:33.532205
111,False,,2025-06-05 14:41:33.532206
112,True,2025-05-19,2025-06-05 14:41:33.532215
113,True,2025-04-20,2025-06-05 14:41:33.532224
114,False,,2025-06-05 14:41:33.532225
115,True,2025-03-10,2025-06-05 14:41:33.532234
116,True,2024-11-10,2025-06-05 14:41:33.532242
117,False,,2025-06-05 14:41:33.532243
118,False,,2025-06-05 14:41:33.532244
119,True,2024-11-08,2025-06-05 14:41:33.532253
120,True,2025-05-31,2025-06-05 14:41:33.532262
121,False,,2025-06-05 14:41:33.532263
122,True,2024-09-21,2025-06-05 14:41:33.532272
123,True,2025-05-15,2025-06-05 14:41:33.532281
124,False,,2025-06-05 14:41:33.532282
125,True,2024-07-24,2025-06-05 14:41:33.532291
126,False,,2025-06-05 14:41:33.532292
127,False,,2025-06-05 14:41:33.532293
128,False,,2025-06-05 14:41:33.532294
129,True,2025-01-25,2025-06-05 14:41:33.532302
130,True,2025-04-03,2025-06-05 14:41:33.532311
131,True,2025-05-24,2025-06-05 14:41:33.532320
132,False,,2025-06-05 14:41:33.532321
133,False,,2025-06-05 14:41:33.532322
134,False,,2025-06-05 14:41:33.532323
135,False,,2025-06-05 14:41:33.532324
136,True,2024-10-10,2025-06-05 14:41:33.532332
137,False,,2025-06-05 14:41:33.532333
138,True,2025-05-25,2025-06-05 14:41:33.532342
139,True,2025-03-03,2025-06-05 14:41:33.532351
140,True,2025-04-09,2025-06-05 14:41:33.532360
141,True,2025-05-02,2025-06-05 14:41:33.532368
142,True,2025-05-27,2025-06-05 14:41:33.532377
143,False,,2025-06-05 14:41:33.532378
144,True,2025-02-11,2025-06-05 14:41:33.532387
145,False,,2025-06-05 14:41:33.532388
146,True,2025-04-11,2025-06-05 14:41:33.532396
147,True,2025-04-15,2025-06-05 14:41:33.532405
148,True,2025-03-27,2025-06-05 14:41:33.532414
149,False,,2025-06-05 14:41:33.532415
150,True,2025-05-07,2025-06-05 14:41:33.532424
151,False,,2025-06-05 14:41:33.532425
152,False,,2025-06-05 14:41:33.532425
153,True,2025-05-06,2025-06-05 14:41:33.532434
154,True,2024-12-27,2025-06-05 14:41:33.532443
155,False,,2025-06-05 14:41:33.532444
156,True,2025-05-25,2025-06-05 14:41:33.532452
157,True,2025-05-26,2025-06-05 14:41:33.532461
158,True,2025-01-28,2025-06-05 14:41:33.532470
159,True,2024-10-26,2025-06-05 14:41:33.532479
160,True,2024-09-21,2025-06-05 14:41:33.532488
161,False,,2025-06-05 14:41:33.532488
162,False,,2025-06-05 14:41:33.532489
163,False,,2025-06-05 14:41:33.532490
164,True,2025-03-06,2025-06-05 14:41:33.532499
165,True,2025-04-06,2025-06-05 14:41:33.532508
166,False,,2025-06-05 14:41:33.532509
167,False,,2025-06-05 14:41:33.532509
168,True,2025-03-29,2025-06-05 14:41:33.532518
169,True,2025-04-13,2025-06-05 14:41:33.532527
170,True,2025-02-28,2025-06-05 14:41:33.532536
171,False,,2025-06-05 14:41:33.532537
172,False,,2025-06-05 14:41:33.532538
173,True,2025-04-29,2025-06-05 14:41:33.532546
174,True,2024-12-06,2025-06-05 14:41:33.532557
175,True,2025-05-28,2025-06-05 14:41:33.532566
176,False,,2025-06-05 14:41:33.532567
177,False,,2025-06-05 14:41:33.532568
178,True,2025-05-08,2025-06-05 14:41:33.532577
179,True,2025-05-16,2025-06-05 14:41:33.532586
180,True,2025-03-30,2025-06-05 14:41:33.532594
181,False,,2025-06-05 14:41:33.532595
182,False,,2025-06-05 14:41:33.532596
183,True,2025-01-12,2025-06-05 14:41:33.532605
184,True,2025-04-03,2025-06-05 14:41:33.532614
185,True,2025-05-05,2025-06-05 14:41:33.532623
186,False,,2025-06-05 14:41:33.532624
187,False,,2025-06-05 14:41:33.532624
188,True,2025-01-13,2025-06-05 14:41:33.532633
189,False,,2025-06-05 14:41:33.532634
190,True,2025-03-22,2025-06-05 14:41:33.532643
191,False,,2025-06-05 14:41:33.532644
192,False,,2025-06-05 14:41:33.532645
193,False,,2025-06-05 14:41:33.532646
194,True,2024-12-27,2025-06-05 14:41:33.532655
195,True,2025-05-18,2025-06-05 14:41:33.532663
196,True,2025-04-27,2025-06-05 14:41:33.532672
197,False,,2025-06-05 14:41:33.532673
198,True,2025-06-03,2025-06-05 14:41:33.532681
199,False,,2025-06-05 14:41:33.532682
200,False,,2025-06-05 14:41:33.532683
201,True,2024-09-09,2025-06-05 14:41:33.532692
202,True,2025-05-27,2025-06-05 14:41:33.532701
203,False,,2025-06-05 14:41:33.532702
204,True,2024-11-22,2025-06-05 14:41:33.532710
205,False,,2025-06-05 14:41:33.532711
206,True,2025-05-18,2025-06-05 14:41:33.532720
207,True,2025-05-03,2025-06-05 14:41:33.532729
208,False,,2025-06-05 14:41:33.532730
209,True,2025-02-19,2025-06-05 14:41:33.532738
210,True,2025-01-09,2025-06-05 14:41:33.532747
211,True,2024-10-19,2025-06-05 14:41:33.532756
212,True,2025-06-03,2025-06-05 14:41:33.532765
213,True,2025-02-13,2025-06-05 14:41:33.532774
214,False,,2025-06-05 14:41:33.532775
215,False,,2025-06-05 14:41:33.532776
216,False,,2025-06-05 14:41:33.532777
217,True,2025-04-08,2025-06-05 14:41:33.532786
218,False,,2025-06-05 14:41:33.532786
219,True,2025-02-09,2025-06-05 14:41:33.532796
220,True,2024-08-23,2025-06-05 14:41:33.532805
221,False,,2025-06-05 14:41:33.532806
222,True,2025-05-30,2025-06-05 14:41:33.532817
223,True,2025-06-03,2025-06-05 14:41:33.532826
224,False,,2025-06-05 14:41:33.532827
225,False,,2025-06-05 14:41:33.532828
226,True,2025-06-03,2025-06-05 14:41:33.532836
227,True,2025-02-11,2025-06-05 14:41:33.532845
228,True,2025-04-28,2025-06-05 14:41:33.532854
229,True,2025-04-01,2025-06-05 14:41:33.532863
230,True,2024-11-30,2025-06-05 14:41:33.532871
231,False,,2025-06-05 14:41:33.532872
232,True,2025-05-21,2025-06-05 14:41:33.532881
233,False,,2025-06-05 14:41:33.532882
234,False,,2025-06-05 14:41:33.532883
235,True,2025-04-27,2025-06-05 14:41:33.532891
236,True,2025-03-10,2025-06-05 14:41:33.532901
237,False,,2025-06-05 14:41:33.532901
238,True,2025-01-30,2025-06-05 14:41:33.532910
239,False,,2025-06-05 14:41:33.532911
240,True,2025-02-16,2025-06-05 14:41:33.532920
241,True,2025-03-29,2025-06-05 14:41:33.532929
242,False,,2025-06-05 14:41:33.532930
243,False,,2025-06-05 14:41:33.532930
244,False,,2025-06-05 14:41:33.532931
245,False,,2025-06-05 14:41:33.532932
246,True,2025-02-08,2025-06-05 14:41:33.532941
247,True,2025-02-27,2025-06-05 14:41:33.532949
248,True,2024-12-12,2025-06-05 14:41:33.532958
249,False,,2025-06-05 14:41:33.532959
250,True,2025-03-26,2025-06-05 14:41:33.532968
251,True,2025-05-29,2025-06-05 14:41:33.532977
252,False,,2025-06-05 14:41:33.532977
253,True,2024-12-03,2025-06-05 14:41:33.532986
254,True,2025-04-03,2025-06-05 14:41:33.532995
255,False,,2025-06-05 14:41:33.532996
256,True,2025-05-21,2025-06-05 14:41:33.533005
257,False,,2025-06-05 14:41:33.533006
258,True,2024-09-28,2025-06-05 14:41:33.533015
259,True,2024-08-22,2025-06-05 14:41:33.533024
260,True,2025-04-17,2025-06-05 14:41:33.533033
261,False,,2025-06-05 14:41:33.533034
262,True,2025-05-06,2025-06-05 14:41:33.533043
263,True,2025-01-29,2025-06-05 14:41:33.533052
264,True,2025-01-10,2025-06-05 14:41:33.533061
265,True,2025-05-22,2025-06-05 14:41:33.533069
266,True,2025-03-22,2025-06-05 14:41:33.533078
267,False,,2025-06-05 14:41:33.533079
268,True,2024-12-15,2025-06-05 14:41:33.533088
269,False,,2025-06-05 14:41:33.533089
270,True,2025-05-31,2025-06-05 14:41:33.533098
271,False,,2025-06-05 14:41:33.533098
272,False,,2025-06-05 14:41:33.533099
273,True,2025-01-27,2025-06-05 14:41:33.533108
274,True,2024-10-01,2025-06-05 14:41:33.533117
275,True,2025-02-26,2025-06-05 14:41:33.533131
276,True,2024-08-31,2025-06-05 14:41:33.533141
277,False,,2025-06-05 14:41:33.533142
278,False,,2025-06-05 14:41:33.533142
279,False,,2025-06-05 14:41:33.533143
280,False,,2025-06-05 14:41:33.533144
281,True,2025-02-11,2025-06-05 14:41:33.533153
282,False,,2025-06-05 14:41:33.533154
283,True,2025-05-20,2025-06-05 14:41:33.533163
284,True,2024-12-08,2025-06-05 14:41:33.533172
285,True,2025-03-09,2025-06-05 14:41:33.533182
286,False,,2025-06-05 14:41:33.533183
287,True,2024-11-04,2025-06-05 14:41:33.533191
288,False,,2025-06-05 14:41:33.533192
289,False,,2025-06-05 14:41:33.533193
290,False,,2025-06-05 14:41:33.533194
291,True,2025-04-26,2025-06-05 14:41:33.533202
292,False,,2025-06-05 14:41:33.533203
293,True,2025-05-03,2025-06-05 14:41:33.533212
294,True,2025-01-19,2025-06-05 14:41:33.533221
295,True,2025-05-17,2025-06-05 14:41:33.533229
296,False,,2025-06-05 14:41:33.533230
297,False,,2025-06-05 14:41:33.533231
298,True,2024-09-14,2025-06-05 14:41:33.533240
299,True,2025-05-29,2025-06-05 14:41:33.533249
300,False,,2025-06-05 14:41:33.533250
301,True,2025-05-17,2025-06-05 14:41:33.533259
302,True,2025-01-02,2025-06-05 14:41:33.533268
303,False,,2025-06-05 14:41:33.533269
304,True,2025-03-27,2025-06-05 14:41:33.533277
305,True,2024-12-05,2025-06-05 14:41:33.533286
306,False,,2025-06-05 14:41:33.533287
307,True,2025-02-09,2025-06-05 14:41:33.533295
308,True,2025-05-04,2025-06-05 14:41:33.533304
309,False,,2025-06-05 14:41:33.533305
310,True,2025-05-29,2025-06-05 14:41:33.533314
311,True,2025-01-07,2025-06-05 14:41:33.533323
312,True,2025-05-04,2025-06-05 14:41:33.533332
313,False,,2025-06-05 14:41:33.533333
314,False,,2025-06-05 14:41:33.533333
315,False,,2025-06-05 14:41:33.533334
316,False,,2025-06-05 14:41:33.533335
317,True,2025-05-19,2025-06-05 14:41:33.533344
318,False,,2025-06-05 14:41:33.533345
319,True,2024-10-10,2025-06-05 14:41:33.533353
320,True,2025-04-09,2025-06-05 14:41:33.533362
321,True,2025-02-13,2025-06-05 14:41:33.533371
322,False,,2025-06-05 14:41:33.533372
323,False,,2025-06-05 14:41:33.533373
324,False,,2025-06-05 14:41:33.533373
325,True,2025-05-13,2025-06-05 14:41:33.533382
326,True,2025-06-03,2025-06-05 14:41:33.533391
327,True,2024-12-07,2025-06-05 14:41:33.533400
328,False,,2025-06-05 14:41:33.533400
329,False,,2025-06-05 14:41:33.533401
330,True,2025-03-28,2025-06-05 14:41:33.533410
331,False,,2025-06-05 14:41:33.533411
332,False,,2025-06-05 14:41:33.533412
333,True,2025-02-03,2025-06-05 14:41:33.533420
334,True,2025-04-01,2025-06-05 14:41:33.533429
335,False,,2025-06-05 14:41:33.533430
336,False,,2025-06-05 14:41:33.533431
337,False,,2025-06-05 14:41:33.533432
338,False,,2025-06-05 14:41:33.533433
339,True,2024-12-28,2025-06-05 14:41:33.533449
340,False,,2025-06-05 14:41:33.533450
341,True,2025-03-27,2025-06-05 14:41:33.533459
342,True,2025-05-25,2025-06-05 14:41:33.533469
343,True,2025-05-06,2025-06-05 14:41:33.533478
344,True,2025-05-02,2025-06-05 14:41:33.533487
345,True,2025-05-29,2025-06-05 14:41:33.533496
346,False,,2025-06-05 14:41:33.533497
347,True,2025-05-28,2025-06-05 14:41:33.533506
348,True,2025-03-18,2025-06-05 14:41:33.533515
349,False,,2025-06-05 14:41:33.533516
350,False,,2025-06-05 14:41:33.533517
351,False,,2025-06-05 14:41:33.533518
352,False,,2025-06-05 14:41:33.533519
353,False,,2025-06-05 14:41:33.533520
354,False,,2025-06-05 14:41:33.533521
355,False,,2025-06-05 14:41:33.533522
356,False,,2025-06-05 14:41:33.533523
357,True,2025-03-04,2025-06-05 14:41:33.533532
358,True,2025-05-22,2025-06-05 14:41:33.533541
359,False,,2025-06-05 14:41:33.533542
360,False,,2025-06-05 14:41:33.533542
361,True,2025-03-09,2025-06-05 14:41:33.533551
362,True,2025-04-11,2025-06-05 14:41:33.533560
363,False,,2025-06-05 14:41:33.533561
364,False,,2025-06-05 14:41:33.533561
365,False,,2025-06-05 14:41:33.533562
366,False,,2025-06-05 14:41:33.533563
367,True,2025-05-26,2025-06-05 14:41:33.533572
368,True,2024-12-12,2025-06-05 14:41:33.533581
369,False,,2025-06-05 14:41:33.533582
370,True,2025-05-02,2025-06-05 14:41:33.533590
371,True,2025-02-03,2025-06-05 14:41:33.533599
372,True,2025-05-22,2025-06-05 14:41:33.533608
373,False,,2025-06-05 14:41:33.533609
374,False,,2025-06-05 14:41:33.533610
375,True,2025-04-04,2025-06-05 14:41:33.533619
376,True,2025-03-28,2025-06-05 14:41:33.533628
377,False,,2025-06-05 14:41:33.533628
378,False,,2025-06-05 14:41:33.533629
379,True,2025-05-04,2025-06-05 14:41:33.533638
380,True,2025-04-20,2025-06-05 14:41:33.533647
381,False,,2025-06-05 14:41:33.533647
382,True,2025-03-14,2025-06-05 14:41:33.533657
383,False,,2025-06-05 14:41:33.533657
384,True,2025-04-15,2025-06-05 14:41:33.533666
385,True,2025-02-27,2025-06-05 14:41:33.533675
386,False,,2025-06-05 14:41:33.533676
387,True,2025-05-25,2025-06-05 14:41:33.533685
388,False,,2025-06-05 14:41:33.533685
389,False,,2025-06-05 14:41:33.533686
390,False,,2025-06-05 14:41:33.533687
391,False,,2025-06-05 14:41:33.533689
392,False,,2025-06-05 14:41:33.533690
393,True,2025-05-23,2025-06-05 14:41:33.533699
394,True,2025-06-01,2025-06-05 14:41:33.533711
395,True,2024-12-05,2025-06-05 14:41:33.533720
396,True,2025-05-07,2025-06-05 14:41:33.533729
397,False,,2025-06-05 14:41:33.533729
398,False,,2025-06-05 14:41:33.533730
399,False,,2025-06-05 14:41:33.533731
400,False,,2025-06-05 14:41:33.533732
401,True,2025-04-25,2025-06-05 14:41:33.533741
402,True,2025-05-06,2025-06-05 14:41:33.533750
403,True,2024-11-08,2025-06-05 14:41:33.533758
404,True,2024-10-14,2025-06-05 14:41:33.533767
405,True,2025-04-14,2025-06-05 14:41:33.533776
406,True,2024-10-06,2025-06-05 14:41:33.533785
407,True,2025-04-01,2025-06-05 14:41:33.533794
408,False,,2025-06-05 14:41:33.533795
409,True,2025-06-03,2025-06-05 14:41:33.533803
410,True,2025-04-29,2025-06-05 14:41:33.533813
411,False,,2025-06-05 14:41:33.533813
412,False,,2025-06-05 14:41:33.533814
413,True,2025-04-09,2025-06-05 14:41:33.533823
414,True,2025-03-02,2025-06-05 14:41:33.533832
415,True,2025-04-06,2025-06-05 14:41:33.533840
416,True,2024-12-31,2025-06-05 14:41:33.533849
417,True,2025-02-26,2025-06-05 14:41:33.533862
418,True,2025-04-27,2025-06-05 14:41:33.533871
419,True,2025-04-27,2025-06-05 14:41:33.533880
420,False,,2025-06-05 14:41:33.533881
421,True,2025-01-09,2025-06-05 14:41:33.533890
422,False,,2025-06-05 14:41:33.533890
423,False,,2025-06-05 14:41:33.533891
424,False,,2025-06-05 14:41:33.533892
425,True,2024-11-28,2025-06-05 14:41:33.533901
426,True,2024-11-26,2025-06-05 14:41:33.533910
427,True,2025-04-08,2025-06-05 14:41:33.533919
428,True,2025-02-02,2025-06-05 14:41:33.533928
429,True,2025-04-23,2025-06-05 14:41:33.533937
430,True,2025-05-03,2025-06-05 14:41:33.533946
431,False,,2025-06-05 14:41:33.533947
432,True,2025-05-20,2025-06-05 14:41:33.533956
433,False,,2025-06-05 14:41:33.533957
434,True,2024-09-28,2025-06-05 14:41:33.533966
435,True,2025-04-22,2025-06-05 14:41:33.533974
436,True,2025-05-11,2025-06-05 14:41:33.533984
437,False,,2025-06-05 14:41:33.533985
438,True,2024-10-06,2025-06-05 14:41:33.533994
439,True,2025-06-01,2025-06-05 14:41:33.534003
440,True,2025-04-18,2025-06-05 14:41:33.534012
441,False,,2025-06-05 14:41:33.534013
442,True,2024-07-30,2025-06-05 14:41:33.534022
443,False,,2025-06-05 14:41:33.534023
444,False,,2025-06-05 14:41:33.534024
445,True,2025-04-19,2025-06-05 14:41:33.534033
446,False,,2025-06-05 14:41:33.534034
447,True,2025-04-14,2025-06-05 14:41:33.534043
448,False,,2025-06-05 14:41:33.534044
449,False,,2025-06-05 14:41:33.534045
450,True,2025-05-17,2025-06-05 14:41:33.534053
451,False,,2025-06-05 14:41:33.534055
452,False,,2025-06-05 14:41:33.534055
453,False,,2025-06-05 14:41:33.534056
454,False,,2025-06-05 14:41:33.534057
455,True,2024-11-05,2025-06-05 14:41:33.534066
456,True,2025-05-29,2025-06-05 14:41:33.534075
457,True,2024-12-30,2025-06-05 14:41:33.534083
458,True,2025-02-28,2025-06-05 14:41:33.534093
459,False,,2025-06-05 14:41:33.534094
460,True,2025-01-28,2025-06-05 14:41:33.534103
461,True,2025-01-29,2025-06-05 14:41:33.534111
462,False,,2025-06-05 14:41:33.534112
463,True,2025-03-14,2025-06-05 14:41:33.534121
464,True,2025-05-30,2025-06-05 14:41:33.534130
465,True,2025-04-18,2025-06-05 14:41:33.534139
466,False,,2025-06-05 14:41:33.534139
467,True,2025-04-01,2025-06-05 14:41:33.534148
468,True,2024-09-28,2025-06-05 14:41:33.534157
469,True,2025-05-29,2025-06-05 14:41:33.534166
470,False,,2025-06-05 14:41:33.534167
471,True,2024-08-20,2025-06-05 14:41:33.534176
472,False,,2025-06-05 14:41:33.534176
473,False,,2025-06-05 14:41:33.534177
474,False,,2025-06-05 14:41:33.534178
475,True,2025-05-28,2025-06-05 14:41:33.534187
476,False,,2025-06-05 14:41:33.534188
477,True,2025-01-01,2025-06-05 14:41:33.534197
478,True,2025-05-31,2025-06-05 14:41:33.534206
479,True,2025-04-16,2025-06-05 14:41:33.534214
480,False,,2025-06-05 14:41:33.534215
481,True,2025-04-26,2025-06-05 14:41:33.534224
482,True,2024-09-13,2025-06-05 14:41:33.534234
483,False,,2025-06-05 14:41:33.534235
484,True,2025-03-17,2025-06-05 14:41:33.534244
485,False,,2025-06-05 14:41:33.534245
486,True,2025-04-10,2025-06-05 14:41:33.534254
487,False,,2025-06-05 14:41:33.534254
488,False,,2025-06-05 14:41:33.534255
489,False,,2025-06-05 14:41:33.534256
490,True,2025-06-03,2025-06-05 14:41:33.534265
491,False,,2025-06-05 14:41:33.534266
492,False,,2025-06-05 14:41:33.534266
493,False,,2025-06-05 14:41:33.534267
494,False,,2025-06-05 14:41:33.534268
495,False,,2025-06-05 14:41:33.534269
496,False,,2025-06-05 14:41:33.534270
497,False,,2025-06-05 14:41:33.534271
498,False,,2025-06-05 14:41:33.534272
499,False,,2025-06-05 14:41:33.534272
500,True,2025-05-19,2025-06-05 14:41:33.534281
501,True,2025-03-30,2025-06-05 14:41:33.534290
502,True,2025-05-04,2025-06-05 14:41:33.534299
503,True,2025-05-16,2025-06-05 14:41:33.534307
504,True,2024-09-03,2025-06-05 14:41:33.534316
505,False,,2025-06-05 14:41:33.534317
506,True,2024-12-16,2025-06-05 14:41:33.534326
507,True,2025-03-06,2025-06-05 14:41:33.534335
508,True,2025-03-30,2025-06-05 14:41:33.534344
509,True,2025-03-12,2025-06-05 14:41:33.534353
510,True,2024-11-27,2025-06-05 14:41:33.534362
511,True,2025-02-28,2025-06-05 14:41:33.534371
512,False,,2025-06-05 14:41:33.534372
513,False,,2025-06-05 14:41:33.534373
514,True,2025-05-01,2025-06-05 14:41:33.534382
515,True,2025-03-02,2025-06-05 14:41:33.534391
516,False,,2025-06-05 14:41:33.534392
517,True,2025-05-29,2025-06-05 14:41:33.534401
518,True,2025-05-17,2025-06-05 14:41:33.534410
519,False,,2025-06-05 14:41:33.534410
520,True,2024-11-25,2025-06-05 14:41:33.534419
521,False,,2025-06-05 14:41:33.534420
522,False,,2025-06-05 14:41:33.534421
523,False,,2025-06-05 14:41:33.534422
524,True,2024-09-09,2025-06-05 14:41:33.534431
525,False,,2025-06-05 14:41:33.534432
526,True,2025-05-02,2025-06-05 14:41:33.534440
527,False,,2025-06-05 14:41:33.534441
528,True,2025-04-15,2025-06-05 14:41:33.534450
529,False,,2025-06-05 14:41:33.534451
530,False,,2025-06-05 14:41:33.534452
531,True,2025-05-29,2025-06-05 14:41:33.534460
532,True,2025-05-10,2025-06-05 14:41:33.534469
533,False,,2025-06-05 14:41:33.534470
534,False,,2025-06-05 14:41:33.534471
535,True,2025-05-28,2025-06-05 14:41:33.534479
536,True,2024-09-20,2025-06-05 14:41:33.534490
537,False,,2025-06-05 14:41:33.534491
538,True,2025-04-04,2025-06-05 14:41:33.534500
539,True,2024-08-23,2025-06-05 14:41:33.534509
540,True,2025-02-25,2025-06-05 14:41:33.534518
541,True,2025-03-27,2025-06-05 14:41:33.534527
542,False,,2025-06-05 14:41:33.534527
543,True,2024-12-20,2025-06-05 14:41:33.534536
544,True,2025-05-17,2025-06-05 14:41:33.534545
545,False,,2025-06-05 14:41:33.534546
546,True,2024-09-16,2025-06-05 14:41:33.534555
547,True,2025-05-15,2025-06-05 14:41:33.534564
548,False,,2025-06-05 14:41:33.534565
549,False,,2025-06-05 14:41:33.534565
550,True,2025-05-26,2025-06-05 14:41:33.534574
551,False,,2025-06-05 14:41:33.534575
552,False,,2025-06-05 14:41:33.534576
553,True,2025-05-04,2025-06-05 14:41:33.534585
554,True,2025-05-07,2025-06-05 14:41:33.534593
555,True,2025-04-26,2025-06-05 14:41:33.534602
556,False,,2025-06-05 14:41:33.534603
557,True,2025-04-12,2025-06-05 14:41:33.534612
558,True,2025-03-18,2025-06-05 14:41:33.534620
559,True,2025-02-10,2025-06-05 14:41:33.534629
560,False,,2025-06-05 14:41:33.534630
561,False,,2025-06-05 14:41:33.534631
562,False,,2025-06-05 14:41:33.534631
563,True,2025-02-05,2025-06-05 14:41:33.534640
564,True,2025-04-06,2025-06-05 14:41:33.534649
565,True,2025-05-17,2025-06-05 14:41:33.534658
566,True,2025-03-17,2025-06-05 14:41:33.534666
567,True,2024-11-01,2025-06-05 14:41:33.534675
568,True,2024-09-06,2025-06-05 14:41:33.534684
569,False,,2025-06-05 14:41:33.534685
570,True,2025-03-20,2025-06-05 14:41:33.534694
571,True,2024-09-05,2025-06-05 14:41:33.534703
572,True,2025-05-10,2025-06-05 14:41:33.534711
573,True,2025-02-10,2025-06-05 14:41:33.534720
574,True,2025-05-25,2025-06-05 14:41:33.534729
575,True,2025-06-01,2025-06-05 14:41:33.534738
576,False,,2025-06-05 14:41:33.534739
577,True,2024-07-26,2025-06-05 14:41:33.534748
578,False,,2025-06-05 14:41:33.534748
579,True,2025-03-24,2025-06-05 14:41:33.534763
580,True,2024-12-13,2025-06-05 14:41:33.534772
581,True,2025-05-21,2025-06-05 14:41:33.534780
582,False,,2025-06-05 14:41:33.534781
583,False,,2025-06-05 14:41:33.534782
584,True,2024-11-23,2025-06-05 14:41:33.534791
585,False,,2025-06-05 14:41:33.534791
586,False,,2025-06-05 14:41:33.534792
587,False,,2025-06-05 14:41:33.534793
588,False,,2025-06-05 14:41:33.534794
589,True,2024-12-11,2025-06-05 14:41:33.534803
590,False,,2025-06-05 14:41:33.534804
591,False,,2025-06-05 14:41:33.534805
592,False,,2025-06-05 14:41:33.534805
593,True,2025-06-04,2025-06-05 14:41:33.534819
594,False,,2025-06-05 14:41:33.534820
595,True,2025-03-23,2025-06-05 14:41:33.534829
596,True,2025-03-20,2025-06-05 14:41:33.534838
597,False,,2025-06-05 14:41:33.534839
598,False,,2025-06-05 14:41:33.534840
599,True,2025-04-11,2025-06-05 14:41:33.534854
600,False,,2025-06-05 14:41:33.534855
601,False,,2025-06-05 14:41:33.534855
602,True,2024-12-14,2025-06-05 14:41:33.534864
603,True,2024-12-23,2025-06-05 14:41:33.534873
604,True,2025-03-15,2025-06-05 14:41:33.534882
605,False,,2025-06-05 14:41:33.534883
606,True,2025-04-06,2025-06-05 14:41:33.534892
607,True,2025-03-01,2025-06-05 14:41:33.534900
608,False,,2025-06-05 14:41:33.534901
609,False,,2025-06-05 14:41:33.534902
610,True,2025-04-30,2025-06-05 14:41:33.534911
611,False,,2025-06-05 14:41:33.534912
612,False,,2025-06-05 14:41:33.534913
613,True,2025-03-01,2025-06-05 14:41:33.534922
614,False,,2025-06-05 14:41:33.534922
615,True,2025-03-21,2025-06-05 14:41:33.534931
616,False,,2025-06-05 14:41:33.534932
617,False,,2025-06-05 14:41:33.534933
618,True,2025-04-28,2025-06-05 14:41:33.534941
619,False,,2025-06-05 14:41:33.534942
620,False,,2025-06-05 14:41:33.534943
621,True,2025-04-10,2025-06-05 14:41:33.534952
622,True,2025-03-08,2025-06-05 14:41:33.534961
623,False,,2025-06-05 14:41:33.534961
624,True,2025-06-04,2025-06-05 14:41:33.534970
625,True,2024-11-25,2025-06-05 14:41:33.534979
626,False,,2025-06-05 14:41:33.534980
627,True,2025-03-10,2025-06-05 14:41:33.534989
628,False,,2025-06-05 14:41:33.534990
629,False,,2025-06-05 14:41:33.534990
630,True,2024-09-17,2025-06-05 14:41:33.534999
631,False,,2025-06-05 14:41:33.535000
632,False,,2025-06-05 14:41:33.535001
633,False,,2025-06-05 14:41:33.535002
634,False,,2025-06-05 14:41:33.535002
635,False,,2025-06-05 14:41:33.535003
636,True,2025-05-28,2025-06-05 14:41:33.535012
637,True,2025-02-18,2025-06-05 14:41:33.535021
638,False,,2025-06-05 14:41:33.535022
639,True,2025-05-29,2025-06-05 14:41:33.535030
640,False,,2025-06-05 14:41:33.535031
641,False,,2025-06-05 14:41:33.535032
642,False,,2025-06-05 14:41:33.535033
643,False,,2025-06-05 14:41:33.535034
644,False,,2025-06-05 14:41:33.535035
645,False,,2025-06-05 14:41:33.535036
646,False,,2025-06-05 14:41:33.535037
647,True,2025-02-03,2025-06-05 14:41:33.535045
648,True,2025-05-06,2025-06-05 14:41:33.535054
649,True,2025-06-04,2025-06-05 14:41:33.535063
650,True,2024-08-25,2025-06-05 14:41:33.535072
651,False,,2025-06-05 14:41:33.535073
652,True,2024-10-24,2025-06-05 14:41:33.535082
653,True,2024-07-30,2025-06-05 14:41:33.535091
654,False,,2025-06-05 14:41:33.535092
655,True,2025-05-03,2025-06-05 14:41:33.535100
656,False,,2025-06-05 14:41:33.535101
657,False,,2025-06-05 14:41:33.535102
658,False,,2025-06-05 14:41:33.535103
659,True,2025-06-04,2025-06-05 14:41:33.535112
660,True,2024-12-08,2025-06-05 14:41:33.535120
661,True,2025-01-22,2025-06-05 14:41:33.535129
662,False,,2025-06-05 14:41:33.535130
663,False,,2025-06-05 14:41:33.535131
664,True,2024-08-29,2025-06-05 14:41:33.535141
665,False,,2025-06-05 14:41:33.535142
666,True,2025-05-09,2025-06-05 14:41:33.535151
667,False,,2025-06-05 14:41:33.535152
668,False,,2025-06-05 14:41:33.535153
669,False,,2025-06-05 14:41:33.535154
670,True,2025-05-10,2025-06-05 14:41:33.535162
671,True,2025-05-28,2025-06-05 14:41:33.535171
672,True,2025-03-04,2025-06-05 14:41:33.535180
673,True,2025-01-08,2025-06-05 14:41:33.535189
674,False,,2025-06-05 14:41:33.535190
675,False,,2025-06-05 14:41:33.535191
676,False,,2025-06-05 14:41:33.535192
677,False,,2025-06-05 14:41:33.535192
678,True,2025-03-30,2025-06-05 14:41:33.535201
679,False,,2025-06-05 14:41:33.535202
680,False,,2025-06-05 14:41:33.535203
681,True,2025-05-08,2025-06-05 14:41:33.535212
682,True,2025-02-20,2025-06-05 14:41:33.535221
683,False,,2025-06-05 14:41:33.535222
684,False,,2025-06-05 14:41:33.535223
685,False,,2025-06-05 14:41:33.535224
686,True,2025-01-24,2025-06-05 14:41:33.535233
687,True,2025-04-15,2025-06-05 14:41:33.535242
688,True,2025-03-25,2025-06-05 14:41:33.535251
689,False,,2025-06-05 14:41:33.535252
690,True,2025-05-07,2025-06-05 14:41:33.535262
691,True,2024-10-13,2025-06-05 14:41:33.535271
692,True,2024-11-24,2025-06-05 14:41:33.535280
693,False,,2025-06-05 14:41:33.535281
694,True,2025-05-31,2025-06-05 14:41:33.535290
695,True,2025-02-18,2025-06-05 14:41:33.535299
696,False,,2025-06-05 14:41:33.535300
697,True,2025-05-19,2025-06-05 14:41:33.535308
698,False,,2025-06-05 14:41:33.535309
699,True,2025-05-20,2025-06-05 14:41:33.535318
700,False,,2025-06-05 14:41:33.535319
701,False,,2025-06-05 14:41:33.535320
702,True,2025-03-22,2025-06-05 14:41:33.535329
703,True,2024-10-09,2025-06-05 14:41:33.535338
704,False,,2025-06-05 14:41:33.535338
705,False,,2025-06-05 14:41:33.535339
706,True,2025-02-23,2025-06-05 14:41:33.535348
707,False,,2025-06-05 14:41:33.535349
708,False,,2025-06-05 14:41:33.535350
709,False,,2025-06-05 14:41:33.535351
710,True,2025-06-03,2025-06-05 14:41:33.535360
711,False,,2025-06-05 14:41:33.535361
712,True,2024-10-02,2025-06-05 14:41:33.535369
713,True,2025-05-27,2025-06-05 14:41:33.535378
714,True,2024-10-25,2025-06-05 14:41:33.535387
715,True,2024-12-17,2025-06-05 14:41:33.535396
716,True,2025-03-17,2025-06-05 14:41:33.535404
717,True,2025-04-19,2025-06-05 14:41:33.535413
718,False,,2025-06-05 14:41:33.535414
719,False,,2025-06-05 14:41:33.535415
720,True,2025-03-30,2025-06-05 14:41:33.535423
721,False,,2025-06-05 14:41:33.535424
722,True,2024-10-04,2025-06-05 14:41:33.535433
723,True,2025-05-21,2025-06-05 14:41:33.535441
724,True,2025-05-24,2025-06-05 14:41:33.535450
725,True,2025-05-18,2025-06-05 14:41:33.535459
726,True,2024-11-22,2025-06-05 14:41:33.535468
727,False,,2025-06-05 14:41:33.535469
728,True,2025-06-04,2025-06-05 14:41:33.535478
729,False,,2025-06-05 14:41:33.535479
730,False,,2025-06-05 14:41:33.535480
731,True,2025-05-13,2025-06-05 14:41:33.535488
732,True,2025-06-02,2025-06-05 14:41:33.535497
733,False,,2025-06-05 14:41:33.535498
734,True,2025-01-23,2025-06-05 14:41:33.535507
735,True,2025-01-14,2025-06-05 14:41:33.535515
736,False,,2025-06-05 14:41:33.535516
737,True,2025-03-22,2025-06-05 14:41:33.535525
738,True,2025-04-13,2025-06-05 14:41:33.535534
739,True,2025-05-08,2025-06-05 14:41:33.535543
740,True,2025-02-06,2025-06-05 14:41:33.535551
741,True,2025-03-31,2025-06-05 14:41:33.535560
742,True,2025-05-27,2025-06-05 14:41:33.535569
743,True,2024-11-05,2025-06-05 14:41:33.535577
744,False,,2025-06-05 14:41:33.535578
745,True,2024-11-06,2025-06-05 14:41:33.535587
746,True,2025-01-15,2025-06-05 14:41:33.535596
747,True,2025-02-06,2025-06-05 14:41:33.535605
748,False,,2025-06-05 14:41:33.535606
749,True,2025-02-06,2025-06-05 14:41:33.535614
750,True,2025-06-01,2025-06-05 14:41:33.535623
751,True,2024-12-11,2025-06-05 14:41:33.535632
752,False,,2025-06-05 14:41:33.535633
753,False,,2025-06-05 14:41:33.535634
754,True,2025-03-25,2025-06-05 14:41:33.535643
755,True,2025-04-15,2025-06-05 14:41:33.535651
756,True,2025-05-16,2025-06-05 14:41:33.535660
757,False,,2025-06-05 14:41:33.535661
758,True,2025-04-16,2025-06-05 14:41:33.535671
759,False,,2025-06-05 14:41:33.535672
760,False,,2025-06-05 14:41:33.535673
761,True,2025-04-14,2025-06-05 14:41:33.535682
762,True,2025-04-20,2025-06-05 14:41:33.535691
763,False,,2025-06-05 14:41:33.535692
764,True,2025-01-19,2025-06-05 14:41:33.535701
765,False,,2025-06-05 14:41:33.535702
766,True,2025-02-23,2025-06-05 14:41:33.535711
767,False,,2025-06-05 14:41:33.535712
768,True,2025-06-02,2025-06-05 14:41:33.535720
769,False,,2025-06-05 14:41:33.535721
770,False,,2025-06-05 14:41:33.535722
771,False,,2025-06-05 14:41:33.535723
772,False,,2025-06-05 14:41:33.535724
773,True,2024-11-07,2025-06-05 14:41:33.535733
774,True,2025-05-14,2025-06-05 14:41:33.535741
775,True,2025-05-21,2025-06-05 14:41:33.535750
776,True,2025-05-10,2025-06-05 14:41:33.535759
777,False,,2025-06-05 14:41:33.535760
778,False,,2025-06-05 14:41:33.535761
779,True,2025-03-12,2025-06-05 14:41:33.535769
780,False,,2025-06-05 14:41:33.535770
781,True,2025-04-23,2025-06-05 14:41:33.535779
782,True,2025-04-19,2025-06-05 14:41:33.535788
783,True,2025-05-22,2025-06-05 14:41:33.535796
784,False,,2025-06-05 14:41:33.535797
785,True,2025-05-28,2025-06-05 14:41:33.535806
786,False,,2025-06-05 14:41:33.535807
787,True,2025-02-20,2025-06-05 14:41:33.535816
788,False,,2025-06-05 14:41:33.535817
789,True,2024-10-07,2025-06-05 14:41:33.535826
790,False,,2025-06-05 14:41:33.535827
791,True,2025-04-27,2025-06-05 14:41:33.535836
792,True,2025-05-31,2025-06-05 14:41:33.535844
793,False,,2025-06-05 14:41:33.535845
794,True,2025-05-31,2025-06-05 14:41:33.535854
795,False,,2025-06-05 14:41:33.535855
796,True,2025-05-21,2025-06-05 14:41:33.535863
797,False,,2025-06-05 14:41:33.535864
798,True,2025-05-04,2025-06-05 14:41:33.535873
799,True,2025-02-10,2025-06-05 14:41:33.535882
800,False,,2025-06-05 14:41:33.535882
801,True,2024-11-19,2025-06-05 14:41:33.535891
802,True,2025-05-25,2025-06-05 14:41:33.535900
803,True,2025-05-04,2025-06-05 14:41:33.535908
804,False,,2025-06-05 14:41:33.535910
805,False,,2025-06-05 14:41:33.535915
806,False,,2025-06-05 14:41:33.535915
807,False,,2025-06-05 14:41:33.535916
808,True,2025-02-19,2025-06-05 14:41:33.535925
809,True,2024-09-17,2025-06-05 14:41:33.535934
810,False,,2025-06-05 14:41:33.535935
811,False,,2025-06-05 14:41:33.535936
812,True,2025-05-25,2025-06-05 14:41:33.535944
813,True,2025-01-02,2025-06-05 14:41:33.535953
814,False,,2025-06-05 14:41:33.535954
815,False,,2025-06-05 14:41:33.535955
816,True,2025-03-13,2025-06-05 14:41:33.535964
817,True,2025-03-22,2025-06-05 14:41:33.535973
818,True,2025-03-20,2025-06-05 14:41:33.535981
819,False,,2025-06-05 14:41:33.535982
820,True,2025-05-06,2025-06-05 14:41:33.535991
821,False,,2025-06-05 14:41:33.535992
822,False,,2025-06-05 14:41:33.535993
823,False,,2025-06-05 14:41:33.535994
824,True,2025-04-28,2025-06-05 14:41:33.536002
825,True,2024-12-27,2025-06-05 14:41:33.536011
826,True,2025-01-20,2025-06-05 14:41:33.536020
827,False,,2025-06-05 14:41:33.536021
828,False,,2025-06-05 14:41:33.536022
829,True,2024-10-24,2025-06-05 14:41:33.536031
830,True,2025-05-24,2025-06-05 14:41:33.536040
831,True,2025-03-11,2025-06-05 14:41:33.536049
832,False,,2025-06-05 14:41:33.536049
833,True,2025-04-10,2025-06-05 14:41:33.536058
834,True,2025-02-12,2025-06-05 14:41:33.536067
835,True,2025-04-17,2025-06-05 14:41:33.536076
836,False,,2025-06-05 14:41:33.536076
837,True,2025-03-15,2025-06-05 14:41:33.536085
838,False,,2025-06-05 14:41:33.536086
839,False,,2025-06-05 14:41:33.536087
840,False,,2025-06-05 14:41:33.536088
841,False,,2025-06-05 14:41:33.536089
842,False,,2025-06-05 14:41:33.536089
843,False,,2025-06-05 14:41:33.536090
844,False,,2025-06-05 14:41:33.536091
845,True,2025-04-13,2025-06-05 14:41:33.536100
846,False,,2025-06-05 14:41:33.536101
847,False,,2025-06-05 14:41:33.536102
848,False,,2025-06-05 14:41:33.536102
849,True,2025-02-23,2025-06-05 14:41:33.536111
850,False,,2025-06-05 14:41:33.536112
851,True,2025-03-15,2025-06-05 14:41:33.536127
852,True,2025-06-02,2025-06-05 14:41:33.536136
853,False,,2025-06-05 14:41:33.536137
854,True,2025-01-28,2025-06-05 14:41:33.536146
855,True,2025-03-30,2025-06-05 14:41:33.536155
856,False,,2025-06-05 14:41:33.536156
857,True,2025-05-20,2025-06-05 14:41:33.536164
858,True,2025-05-14,2025-06-05 14:41:33.536173
859,False,,2025-06-05 14:41:33.536174
860,False,,2025-06-05 14:41:33.536175
861,True,2025-05-12,2025-06-05 14:41:33.536184
862,False,,2025-06-05 14:41:33.536185
863,True,2025-05-06,2025-06-05 14:41:33.536193
864,True,2025-03-08,2025-06-05 14:41:33.536202
865,False,,2025-06-05 14:41:33.536203
866,True,2025-03-27,2025-06-05 14:41:33.536211
867,True,2025-04-06,2025-06-05 14:41:33.536220
868,True,2025-03-07,2025-06-05 14:41:33.536229
869,False,,2025-06-05 14:41:33.536229
870,True,2025-06-03,2025-06-05 14:41:33.536238
871,False,,2025-06-05 14:41:33.536239
872,True,2025-05-08,2025-06-05 14:41:33.536248
873,False,,2025-06-05 14:41:33.536249
874,True,2025-05-03,2025-06-05 14:41:33.536258
875,True,2025-02-19,2025-06-05 14:41:33.536266
876,True,2025-04-15,2025-06-05 14:41:33.536275
877,True,2025-05-08,2025-06-05 14:41:33.536284
878,False,,2025-06-05 14:41:33.536285
879,False,,2025-06-05 14:41:33.536286
880,True,2025-01-01,2025-06-05 14:41:33.536295
881,True,2025-03-01,2025-06-05 14:41:33.536303
882,True,2025-02-07,2025-06-05 14:41:33.536312
883,True,2024-09-09,2025-06-05 14:41:33.536321
884,False,,2025-06-05 14:41:33.536322
885,True,2025-05-26,2025-06-05 14:41:33.536331
886,False,,2025-06-05 14:41:33.536331
887,True,2025-02-16,2025-06-05 14:41:33.536340
888,True,2025-06-03,2025-06-05 14:41:33.536349
889,False,,2025-06-05 14:41:33.536350
890,True,2024-09-12,2025-06-05 14:41:33.536359
891,True,2024-11-05,2025-06-05 14:41:33.536367
892,True,2025-01-25,2025-06-05 14:41:33.536376
893,True,2024-11-16,2025-06-05 14:41:33.536385
894,False,,2025-06-05 14:41:33.536386
895,True,2025-01-04,2025-06-05 14:41:33.536394
896,False,,2025-06-05 14:41:33.536395
897,False,,2025-06-05 14:41:33.536396
898,False,,2025-06-05 14:41:33.536397
899,False,,2025-06-05 14:41:33.536398
900,False,,2025-06-05 14:41:33.536399
901,False,,2025-06-05 14:41:33.536400
902,True,2025-04-01,2025-06-05 14:41:33.536408
903,True,2025-02-10,2025-06-05 14:41:33.536417
904,False,,2025-06-05 14:41:33.536418
905,True,2025-04-29,2025-06-05 14:41:33.536427
906,False,,2025-06-05 14:41:33.536428
907,True,2025-05-08,2025-06-05 14:41:33.536437
908,True,2025-04-20,2025-06-05 14:41:33.536446
909,True,2025-01-20,2025-06-05 14:41:33.536455
910,False,,2025-06-05 14:41:33.536456
911,True,2025-05-12,2025-06-05 14:41:33.536465
912,True,2025-05-15,2025-06-05 14:41:33.536474
913,False,,2025-06-05 14:41:33.536475
914,False,,2025-06-05 14:41:33.536475
915,False,,2025-06-05 14:41:33.536476
916,False,,2025-06-05 14:41:33.536477
917,True,2025-03-02,2025-06-05 14:41:33.536487
918,False,,2025-06-05 14:41:33.536488
919,False,,2025-06-05 14:41:33.536489
920,True,2025-04-01,2025-06-05 14:41:33.536498
921,False,,2025-06-05 14:41:33.536498
922,False,,2025-06-05 14:41:33.536499
923,True,2025-03-19,2025-06-05 14:41:33.536510
924,False,,2025-06-05 14:41:33.536511
925,False,,2025-06-05 14:41:33.536512
926,True,2025-01-25,2025-06-05 14:41:33.536524
927,True,2024-12-06,2025-06-05 14:41:33.536533
928,True,2025-02-16,2025-06-05 14:41:33.536542
929,False,,2025-06-05 14:41:33.536543
930,False,,2025-06-05 14:41:33.536544
931,False,,2025-06-05 14:41:33.536545
932,True,2025-03-02,2025-06-05 14:41:33.536554
933,True,2025-04-21,2025-06-05 14:41:33.536563
934,True,2024-07-18,2025-06-05 14:41:33.536573
935,False,,2025-06-05 14:41:33.536573
